4294967279,264
4294967279,479
4294967278,246
11,32
11,0
4294967278,526
4294967278,234
4294967278,230
4294967278,525
4294967279,478
4294967278,197
4294967278,196
4294967278,194
4294967278,192
4294967278,191
4294967278,189
4294967279,190
4294967278,184
15,6
15,5
4294967278,183
15,4
15,3
15,2
15,1
4294967278,182
4294967278,181
4294967294,107
4294967278,180
4294967279,181
4294967294,94
4294967294,96
4294967278,179
14,6
14,5
4294967278,178
14,4
4294967279,179
14,3
14,2
14,1
4294967278,177
4294967294,8
0,7
4294967294,45
4294967294,1415
4294967294,44
4294967294,53
4294967294,51
4294967294,1
4294967294,1695
4294967294,2
4294967294,29
4294967294,28
4294967294,1412
4294967294,92
4294967294,91
4294967294,90
4294967294,88
4294967294,87
4294967294,86
4294967294,85
4294967294,84
4294967279,178
4294967279,171
4294967279,423
4294967278,352
4294967279,293
4294967278,351
4294967279,422
11,31
4294967278,159
4294967279,160
4294967278,524
4294967279,459
4294967278,157
4294967278,348
4294967279,153
4294967279,457
4294967278,151
4294967279,456
4294967279,149
4294967279,148
4294967279,417
4294967278,146
4294967279,415
4294967278,144
4294967279,290
4294967278,143
4294967279,143
4294967278,141
4294967279,138
12,2
4294967278,276
4294967279,136
4294967279,133
4294967278,269
4294967279,289
4294967278,268
4294967279,271
4294967279,435
4294967279,269
13,2
4294967279,266
4294967278,523
4294967279,455
9,5
4294967279,262
13,5
4294967279,258
12,6
13,7
4294967278,0
9,4
13,11
13,8
11,13
4294967278,336
4294967278,335
11,30
11,29
4294967278,334
11,28
11,27
11,26
11,25
11,24
11,23
11,22
11,21
11,20
11,19
11,18
11,17
11,16
4294967278,332
4294967278,254
2,5
9,6
3,6
4294967294,22
4294967294,5
11,12
11,11
11,10
11,9
11,2
4294967279,0
4294967294,6
4294967294,473
4294967294,1045
4294967294,82
4294967279,280
4294967278,211
4294967278,209
4294967278,208
4294967294,1424
4294967294,46
4294967278,206
4294967278,203
4294967278,202
4294967278,201
4294967294,7
4294967294,17
4294967294,42
4294967294,67
4294967294,99
4294967294,76
4294967294,41
4294967278,200
4294967278,199
4294967278,198
4294967294,50
4294967294,43
4294967294,417
4294967294,52
4294967294,104
4294967294,25
4294967294,26
4294967294,1418
4294967294,83
4294967278,54
4294967278,53
4294967278,52
4294967278,46
4294967278,45
4294967278,44
4294967278,39
4294967278,34
4294967279,55
4294967279,54
4294967279,53
4294967279,52
4294967279,46
4294967279,15
4294967294,27
4294967294,1035
4294967294,68
4294967293,131
4294967293,130
4294967293,129
4294967293,128
4294967293,127
4294967293,126
4294967293,125
4294967293,124
4294967293,123
4294967293,122
4294967293,121
4294967293,120
4294967293,119
4294967293,118
4294967293,117
4294967293,116
4294967293,115
4294967293,114
4294967293,113
4294967293,112
4294967293,111
4294967293,110
4294967293,109
4294967293,108
4294967293,107
4294967293,106
4294967293,105
4294967293,104
4294967293,103
4294967293,102
4294967293,101
4294967293,100
4294967293,99
4294967293,98
4294967293,97
4294967293,96
4294967293,95
4294967293,94
4294967293,93
4294967293,92
4294967293,91
4294967293,90
4294967293,89
4294967293,87
4294967293,86
4294967293,85
4294967293,84
4294967293,83
4294967293,82
4294967293,81
4294967293,80
4294967293,79
4294967293,78
4294967293,77
4294967293,76
4294967293,75
4294967293,74
4294967293,73
4294967293,72
4294967293,71
4294967293,70
4294967293,69
4294967293,68
4294967293,67
4294967293,66
4294967293,65
4294967293,64
4294967293,63
4294967293,62
4294967293,61
4294967293,60
4294967293,59
4294967293,58
4294967293,57
4294967293,56
4294967293,55
4294967293,54
4294967293,53
4294967293,52
4294967293,51
4294967293,50
4294967293,49
4294967293,48
4294967293,47
4294967293,46
4294967293,45
4294967293,44
4294967293,43
4294967293,42
4294967293,41
4294967293,40
4294967293,39
4294967293,38
4294967293,37
4294967293,36
4294967293,35
4294967293,34
4294967293,33
4294967293,32
4294967293,31
4294967293,30
4294967293,29
4294967293,28
4294967293,27
4294967293,26
4294967293,25
4294967293,24
4294967293,23
4294967293,22
4294967293,21
4294967293,20
4294967293,19
4294967293,18
4294967293,17
4294967293,16
4294967293,15
4294967293,14
4294967293,13
4294967293,12
4294967293,11
4294967293,10
4294967293,9
4294967293,8
4294967293,7
4294967293,6
4294967293,5
4294967293,4
4294967293,3
4294967278,339
4294967278,132
4294967278,256
4294967278,129
4294967278,378
4294967278,127
4294967278,357
4294967278,123
4294967278,385
4294967278,122
4294967278,397
4294967278,243
4294967278,117
4294967278,227
4294967278,108
4294967278,395
4294967278,320
4294967278,92
4294967278,319
4294967278,91
4294967278,315
4294967278,86
4294967278,314
4294967278,85
4294967278,311
4294967278,82
4294967278,384
4294967278,75
4294967278,383
4294967278,294
4294967278,65
4294967278,64
4294967278,50
4294967278,382
4294967278,49
4294967278,394
4294967278,47
4294967278,389
4294967278,381
4294967278,393
4294967278,43
4294967278,42
4294967278,388
4294967278,40
4294967278,380
4294967278,392
4294967278,387
4294967278,386
4294967278,379
4294967278,346
4294967278,398
4294967279,458
4294967279,2
4294967279,102
4294967279,91
4294967279,90
4294967279,89
4294967279,87
4294967279,85
4294967279,84
4294967279,451
4294967279,82
4294967279,450
4294967279,81
4294967279,80
4294967279,79
4294967279,78
4294967279,75
4294967279,304
4294967279,449
4294967279,454
4294967279,51
4294967279,50
4294967279,292
4294967279,49
4294967279,48
4294967279,47
4294967279,157
4294967279,45
4294967279,448
4294967279,421
4294967279,44
4294967279,43
4294967279,41
4294967279,453
4294967279,40
4294967279,419
4294967279,39
4294967279,38
4294967279,37
4294967279,36
4294967279,35
4294967279,416
4294967279,34
4294967279,33
4294967279,32
4294967279,31
4294967279,414
4294967279,30
4294967279,413
4294967279,29
4294967279,28
4294967279,27
4294967279,26
4294967279,278
4294967279,25
4294967279,277
4294967279,24
4294967279,23
4294967279,22
4294967279,21
4294967279,452
4294967279,20
4294967279,412
4294967279,19
4294967279,411
4294967279,18
4294967279,17
4294967279,16
4294967279,88
4294967279,447
4294967279,288
4294967279,14
4294967279,268
4294967279,13
4294967279,432
4294967279,9
4294967279,410
4294967279,7
4294967279,281
4294967279,4
3,4
3,5
2,4
7,4
13,9
7,5
13,6
12,4
12,5
13,10
13,4
5,5
6,4
6,5
5,4
6,6
5,6
11,5
11,15
11,8
11,7
11,14
11,4
11,6
4294967294,1425
4294967294,30
4294967294,387
4294967294,81
4294967294,188
4294967294,11
4294967294,175
4294967294,18
4294967294,127
4294967294,14
4294967294,126
4294967294,20
4294967294,13
4294967294,12
4294967294,119
4294967294,470
4294967278,304
4294967294,1218
4294967294,409
4294967294,425
4294967294,413
4294967294,0
4294967294,106
4294967294,807
4294967294,806
4294967294,805
4294967294,804
4294967294,803
4294967294,802
4294967294,801
4294967294,800
4294967294,798
4294967294,797
4294967294,796
4294967294,795
4294967294,793
4294967294,791
4294967294,789
4294967294,788
4294967294,787
4294967294,785
4294967294,783
4294967294,780
4294967294,779
4294967294,778
4294967294,776
4294967294,775
4294967294,463
4294967294,774
4294967294,770
4294967294,768
4294967294,766
4294967294,765
4294967294,764
4294967294,762
4294967294,251
4294967294,761
4294967294,760
4294967294,756
4294967294,754
4294967294,752
4294967294,749
4294967294,746
4294967294,742
4294967294,186
4294967294,738
4294967294,737
4294967294,733
4294967294,731
4294967294,730
4294967294,724
4294967294,723
4294967294,720
4294967294,719
4294967294,718
4294967294,988
4294967294,716
4294967294,715
4294967294,714
4294967294,713
4294967294,709
4294967294,708
4294967294,705
4294967294,703
4294967294,702
4294967294,701
4294967294,699
4294967294,698
4294967294,697
4294967294,696
4294967294,695
4294967294,694
4294967294,693
4294967294,692
4294967294,690
4294967294,689
4294967294,685
4294967294,684
4294967294,682
4294967294,679
4294967294,841
4294967294,678
4294967294,677
4294967294,676
4294967294,675
4294967294,671
4294967294,666
4294967294,665
4294967294,663
4294967294,662
4294967294,659
4294967294,658
4294967294,657
4294967294,245
4294967294,654
4294967294,652
4294967294,650
4294967294,649
4294967294,647
4294967294,645
4294967294,643
4294967294,638
4294967294,637
4294967294,634
4294967294,633
4294967294,632
4294967294,631
4294967294,630
4294967294,627
4294967294,625
4294967294,624
4294967294,623
4294967294,621
4294967294,620
4294967294,619
4294967294,618
4294967294,617
4294967294,615
4294967294,614
4294967294,612
4294967294,610
4294967294,608
4294967294,607
4294967294,606
4294967294,605
4294967294,604
4294967294,599
4294967294,598
4294967294,597
4294967294,590
4294967294,589
4294967294,586
4294967294,584
4294967294,582
4294967294,580
4294967294,578
4294967294,577
4294967294,576
4294967294,318
4294967294,1216
4294967294,316
4294967294,314
4294967294,313
4294967294,312
4294967294,310
4294967294,309
4294967294,307
4294967294,305
4294967294,303
4294967294,302
4294967294,300
4294967294,296
4294967294,293
4294967294,292
4294967294,291
4294967294,287
4294967294,284
4294967294,283
4294967294,282
4294967294,279
4294967294,277
4294967294,275
4294967294,273
4294967294,271
4294967294,247
4294967294,269
4294967294,266
4294967294,265
4294967294,264
4294967294,262
4294967294,260
4294967294,257
